structure(c(1.45858135766692e-05, 1.28206771371436e-05, 1.3566887852925e-05, 
-2.74717218352633e-06, 2.00552243037254e-05, 1.08036722672649e-05, 
1.49346822398497e-05, -3.00206693561331e-05, 4.38792952078041e-11, 
-5.64171244103133e-11, 2.62216206802706e-11, 2.94054272339401e-11, 
4.18295594930955e-11, 8.98183030020712e-12, -8.08658066574245e-12, 
7.12179643118792e-11, -2.25507178264906e-09, -1.87379712751257e-09, 
-1.79849482473145e-09, 3.39400410935141e-11, -3.05410434713455e-09, 
-1.14311594650093e-09, -3.08629267766262e-09, 4.3474279115141e-09, 
0, 0, 0, 0, 0, 0, 0, 0, 0, 0, 0, 0, 0, 0, 0, 0, 4.49402059290405e-05, 
-7.62191332684852e-06, 3.71743539636707e-05, 5.4605554451246e-05, 
-5.4654710095569e-05, -5.46547688732147e-05, 1.28206771371231e-05, 
1.98189403740435e-05, 1.80403261590011e-05, 2.24380591758897e-06, 
2.05522371407371e-05, 1.81892690200055e-05, 1.86814799824618e-05, 
-3.7356106333516e-05, -5.64171243584422e-11, 8.83168948487975e-11, 
-3.87362897497451e-11, -5.5974777297934e-11, -5.24757971771314e-11, 
-1.25718637185755e-11, 1.54912553948864e-11, -1.24123379532967e-10, 
-1.87379712695499e-09, -1.55698621213845e-09, -1.49441559345445e-09, 
2.82016528450653e-11, -2.53773382952442e-09, -9.49844432406689e-10, 
-2.56447994157956e-09, 3.61238963543885e-09, 0, 0, 0, 0, 0, 0, 
0, 0, 0, 0, 0, 0, 0, 0, 0, 0, 4.86197956198429e-06, 3.59021849514699e-05, 
1.10876581087749e-05, 3.59331117523617e-05, -3.59971533446616e-05, 
-3.59970952698741e-05, 1.35668878532656e-05, 1.80403261594899e-05, 
1.21528022508953e-05, 2.86994147963599e-06, 2.19632289976686e-05, 
5.47752364382068e-06, 3.46788392145758e-06, -1.32534424843279e-05, 
2.6221620511183e-11, -3.87362897916241e-11, 1.72681231787735e-11, 
2.33544661708224e-11, 2.45810862369556e-11, 5.69320345144572e-12, 
-6.45374722927978e-12, 5.29206505659783e-11, -1.79849482537264e-09, 
-1.49441559326501e-09, -1.43435950053807e-09, 2.70683125717267e-11, 
-2.435749896897e-09, -9.11673025589957e-10, -2.46142116338456e-09, 
3.46721850079312e-09, 0, 0, 0, 0, 0, 0, 0, 0, 0, 0, 0, 0, 0, 
0, 0, 0, -6.97875717648136e-05, 7.71598054169734e-05, -5.06904424532423e-05, 
3.54104629003689e-05, -3.52240997976704e-05, -3.52240021017081e-05, 
-2.74717218270324e-06, 2.24380591783531e-06, 2.86994148024673e-06, 
2.89546644694442e-05, -1.13225726186682e-05, 3.85335055511706e-08, 
-9.02101598158537e-06, 3.211426308644e-05, 2.9405427270299e-11, 
-5.59747772931996e-11, 2.33544662612197e-11, 4.06221319399589e-11, 
2.65282877703228e-11, 7.19762414745378e-12, -1.12840647458419e-11, 
8.52086325607934e-11, 3.39400413427857e-11, 2.82016528834898e-11, 
2.70683129327635e-11, -5.10815845931713e-13, 4.59659104647294e-11, 
1.72045088989458e-11, 4.64503622101594e-11, -6.54311248617482e-11, 
0, 0, 0, 0, 0, 0, 0, 0, 0, 0, 0, 0, 0, 0, 0, 0, -4.32746895716489e-05, 
0.000110675058628186, -0.000152633781862908, -7.17553575581876e-05, 
7.24652932840775e-05, 7.24655589308156e-05, 2.00552243036554e-05, 
2.05522371407756e-05, 2.19632289970869e-05, -1.1322572618707e-05, 
4.16352170445501e-05, 1.68667558287143e-05, 1.92096715355293e-05, 
-4.58444182414661e-05, 4.18295593994713e-11, -5.24757971945583e-11, 
2.45810862996381e-11, 2.6528287761382e-11, 3.99836507317901e-11, 
8.47754610721288e-12, -7.28724634839495e-12, 6.51968121243866e-11, 
-3.05410434646874e-09, -2.53773382911084e-09, -2.43574989696361e-09, 
4.59659104806645e-11, -4.13625563082024e-09, -1.54815266138182e-09, 
-4.1798491537742e-09, 5.88783851097363e-09, 0, 0, 0, 0, 0, 0, 
0, 0, 0, 0, 0, 0, 0, 0, 0, 0, -6.83499625627472e-07, 1.58271845141113e-05, 
6.36152225629701e-05, 7.27763105912909e-05, -7.3035331076875e-05, 
-7.30354801126816e-05, 1.08036722673136e-05, 1.8189269020068e-05, 
5.47752364366802e-06, 3.85335052813614e-08, 1.68667558286006e-05, 
2.40581028160215e-06, 1.67307891232234e-07, -1.11969717935139e-05, 
8.98182938907583e-12, -1.25718634484658e-11, 5.69320307842826e-12, 
7.19762463934502e-12, 8.47754606737755e-12, 1.90492856921268e-12, 
-1.985727338671e-12, 1.6689803914092e-11, -1.1431159464505e-09, 
-9.49844432536192e-10, -9.11673025561726e-10, 1.72045083499227e-11, 
-1.54815266081835e-09, -5.79455642278453e-10, -1.56446921297593e-09, 
2.20374988199602e-09, 0, 0, 0, 0, 0, 0, 0, 0, 0, 0, 0, 0, 0, 
0, 0, 0, -8.67633318641104e-05, 6.65398619888826e-05, -4.4346021361842e-05, 
4.38620563605148e-05, -4.36668859684533e-05, -4.36668311097002e-05, 
1.49346822398171e-05, 1.86814799825565e-05, 3.46788392155239e-06, 
-9.0210159813687e-06, 1.9209671535287e-05, 1.67307891455409e-07, 
8.20093622542862e-06, -2.62325647830433e-05, -8.08658075772968e-12, 
1.54912553882398e-11, -6.45374714507985e-12, -1.12840647025638e-11, 
-7.28724628122497e-12, -1.98572720807888e-12, 3.13479649925677e-12, 
-2.36348710238467e-11, -3.08629267781303e-09, -2.56447994137717e-09, 
-2.46142116310256e-09, 4.64503621107065e-11, -4.1798491540738e-09, 
-1.56446921313122e-09, -4.22390212514791e-09, 5.94989261070932e-09, 
0, 0, 0, 0, 0, 0, 0, 0, 0, 0, 0, 0, 0, 0, 0, 0, -2.7683286681672e-05, 
2.55614627010948e-05, 1.38027051302561e-05, 8.90950914309408e-05, 
-8.88003727143474e-05, -8.88003372560258e-05, -3.00206693556135e-05, 
-3.73561063337633e-05, -1.32534424840194e-05, 3.21142630863697e-05, 
-4.58444182414825e-05, -1.11969717937709e-05, -2.62325647832967e-05, 
8.10948946746236e-05, 7.12179631403083e-11, -1.24123379895314e-10, 
5.29206499282642e-11, 8.52086328124987e-11, 6.5196813383185e-11, 
1.66898033015582e-11, -2.36348709862843e-11, 1.82758932207578e-10, 
4.34742791276201e-09, 3.6123896350748e-09, 3.46721850018404e-09, 
-6.54311246772281e-11, 5.88783851034168e-09, 2.20374988209804e-09, 
5.94989261094325e-09, -8.38116533827497e-09, 0, 0, 0, 0, 0, 0, 
0, 0, 0, 0, 0, 0, 0, 0, 0, 0, 2.98050461456834e-05, 2.11711890384677e-05, 
-0.000124059382570656, -0.000195235695749528, 0.000195571006976667, 
0.000195571095698097, 4.3879293840906e-11, -5.64171249196396e-11, 
2.6221619808479e-11, 2.94054270206667e-11, 4.18295600446832e-11, 
8.98182904913245e-12, -8.08658081610524e-12, 7.12179658959843e-11, 
4.59731774723345e-07, -2.40753919273576e-07, 1.75228578302945e-07, 
3.95404964058666e-07, 3.91927254423666e-07, -1.93090687401051e-08, 
1.23541548632904e-07, 8.19536965367971e-07, -3.44672113854231e-10, 
-5.40091005323142e-10, -7.05475753022558e-11, -2.40311151827971e-10, 
-2.43286088255719e-10, 6.86228907542761e-11, -3.48644683564627e-10, 
-8.75008401574087e-10, 0, 0, 0, 0, 0, 0, 0, 0, 0, 0, 0, 0, 0, 
0, 0, 0, 1.24265548564121e-06, 2.0182187768216e-06, -2.60000997216655e-06, 
-2.60264377181837e-06, 2.60265569325918e-06, 2.60265569322833e-06, 
-5.6417125565608e-11, 8.83168947447307e-11, -3.87362900980838e-11, 
-5.59747764993209e-11, -5.24757974104347e-11, -1.2571862225542e-11, 
1.54912551087166e-11, -1.24123380320234e-10, -2.40753919285789e-07, 
1.20000137334577e-06, 5.87705912053432e-07, -1.70162583386175e-07, 
-3.27689191066861e-07, 9.36950188383896e-07, 4.60450501978204e-07, 
1.28348336289797e-06, -5.40091005393762e-10, -8.46306626610803e-10, 
-1.10545963258555e-10, -3.76560465022545e-10, -3.81222102671206e-10, 
1.07530039811819e-10, -5.46315903544623e-10, -1.37111227596222e-09, 
0, 0, 0, 0, 0, 0, 0, 0, 0, 0, 0, 0, 0, 0, 0, 0, 1.10341587665124e-05, 
7.15913042234479e-07, -9.00816326809289e-06, -9.01231495744991e-06, 
9.01230903753023e-06, 9.0123090359182e-06, 2.62216201987867e-11, 
-3.87362900275791e-11, 1.72681237875144e-11, 2.33544665435962e-11, 
2.45810858907941e-11, 5.69320291699056e-12, -6.45374708331534e-12, 
5.29206505946959e-11, 1.752285783052e-07, 5.87705911979395e-07, 
3.8190351452215e-06, 6.47293208183885e-07, -6.82155003733014e-08, 
4.86846863068066e-06, 9.41692560724714e-07, 7.21314897940336e-06, 
-7.05475752671121e-11, -1.10545963246777e-10, -1.44396958140716e-11, 
-4.91869469618585e-11, -4.97958582822387e-11, 1.4045750367327e-11, 
-7.13606820023895e-11, -1.79096940490277e-10, 0, 0, 0, 0, 0, 
0, 0, 0, 0, 0, 0, 0, 0, 0, 0, 0, 2.947429486365e-05, 2.75622217884547e-05, 
-3.0366748894497e-05, -3.03672608094707e-05, 3.03672904243509e-05, 
3.03672904224193e-05, 2.94054272917751e-11, -5.5974777267095e-11, 
2.33544667768795e-11, 4.06221319645511e-11, 2.65282871759607e-11, 
7.19762424011273e-12, -1.12840649270558e-11, 8.52086328597991e-11, 
3.9540496405592e-07, -1.70162583406569e-07, 6.47293208132455e-07, 
4.20993026214261e-07, 3.04678274210218e-07, 6.33825236003369e-07, 
2.28945330733218e-07, 1.56826217322742e-06, -2.40311151465659e-10, 
-3.76560464705586e-10, -4.91869470033563e-11, -1.67548946440181e-10, 
-1.69623121676245e-10, 4.78450252923988e-11, -2.43080892967994e-10, 
-6.1007046338935e-10, 0, 0, 0, 0, 0, 0, 0, 0, 0, 0, 0, 0, 0, 
0, 0, 0, 4.63415261464593e-06, 5.19623980069171e-06, -5.8698571745293e-06, 
-5.87168448778477e-06, 5.87170182074874e-06, 5.87170181732636e-06, 
4.18295585333762e-11, -5.24757972204841e-11, 2.45810861081885e-11, 
2.65282894643151e-11, 3.99836507005317e-11, 8.4775457267336e-12, 
-7.28724688312614e-12, 6.51968154284185e-11, 3.91927254431981e-07, 
-3.27689191044076e-07, -6.82155003197856e-08, 3.04678274224794e-07, 
3.71384896372219e-07, -3.1305614412517e-07, 2.50223962282368e-08, 
2.64277625927372e-07, -2.43286088331735e-10, -3.8122210218749e-10, 
-4.97958582243467e-11, -1.69623121590677e-10, -1.71722974240637e-10, 
4.84373235642669e-11, -2.46090117805233e-10, -6.17622843144248e-10, 
0, 0, 0, 0, 0, 0, 0, 0, 0, 0, 0, 0, 0, 0, 0, 0, -1.22944707392524e-06, 
3.88663113455566e-07, -3.66260440042917e-08, -3.8508206920728e-08, 
3.84935281670966e-08, 3.84935340150605e-08, 8.98182963544949e-12, 
-1.25718631679992e-11, 5.69320326136687e-12, 7.19762357443033e-12, 
8.47754685217846e-12, 1.90492825198501e-12, -1.98572707190174e-12, 
1.66898035676759e-11, -1.93090687579182e-08, 9.36950188296378e-07, 
4.86846863079847e-06, 6.33825236090746e-07, -3.1305614423034e-07, 
6.35191393896877e-06, 1.19249918333332e-06, 8.9209185849536e-06, 
6.86228906026711e-11, 1.07530040025537e-10, 1.40457503479108e-11, 
4.78450254020511e-11, 4.84373229781251e-11, -1.36625538861897e-11, 
6.94138140869375e-11, 1.74210803934655e-10, 0, 0, 0, 0, 0, 0, 
0, 0, 0, 0, 0, 0, 0, 0, 0, 0, 3.80022128480656e-05, 3.42756121275972e-05, 
-3.82975844473823e-05, -3.82970350195429e-05, 3.82970577062081e-05, 
3.82970576963967e-05, -8.08658172129299e-12, 1.5491254757444e-11, 
-6.4537470237244e-12, -1.1284063436429e-11, -7.28724657556779e-12, 
-1.98572826413676e-12, 3.13479619406921e-12, -2.36348683945484e-11, 
1.23541548641766e-07, 4.60450501967854e-07, 9.41692560782467e-07, 
2.28945330757022e-07, 2.50223962023053e-08, 1.19249918333591e-06, 
4.79312378705819e-07, 1.94845396003028e-06, -3.48644683224541e-10, 
-5.4631590391221e-10, -7.1360681974849e-11, -2.43080892930203e-10, 
-2.46090117653423e-10, 6.94138140130666e-11, -3.52663038754711e-10, 
-8.85093439134325e-10, 0, 0, 0, 0, 0, 0, 0, 0, 0, 0, 0, 0, 0, 
0, 0, 0, 9.94845620553734e-06, 4.48602539503145e-06, -9.60257645657567e-06, 
-9.60521955817828e-06, 9.60525267373868e-06, 9.60525267204518e-06, 
7.12179627093152e-11, -1.24123379610909e-10, 5.29206498179096e-11, 
8.52086320235616e-11, 6.51968141149459e-11, 1.66898020828148e-11, 
-2.36348708150317e-11, 1.82758932230716e-10, 8.19536965340583e-07, 
1.28348336284463e-06, 7.21314897955428e-06, 1.56826217331837e-06, 
2.64277625792353e-07, 8.92091858501395e-06, 1.94845395997385e-06, 
1.44977635887257e-05, -8.75008401069719e-10, -1.37111227626007e-09, 
-1.79096940693155e-10, -6.10070463247519e-10, -6.17622842903331e-10, 
1.74210803743116e-10, -8.85093439029659e-10, -2.221356675438e-09, 
0, 0, 0, 0, 0, 0, 0, 0, 0, 0, 0, 0, 0, 0, 0, 0, 5.84109475183026e-05, 
5.28531028004717e-05, -6.11768217316971e-05, -6.11835112158265e-05, 
6.11835383648379e-05, 6.11835383683649e-05, -2.25507178259667e-09, 
-1.87379712873838e-09, -1.79849482538345e-09, 3.39400421866081e-11, 
-3.05410434746317e-09, -1.1431159474924e-09, -3.08629267790053e-09, 
4.34742791462362e-09, -3.44672114207406e-10, -5.40091005569244e-10, 
-7.05475753380286e-11, -2.4031115158902e-10, -2.43286088072231e-10, 
6.86228913894625e-11, -3.48644683273838e-10, -8.75008400611897e-10, 
7.065810441818e-06, 1.3343527884912e-05, 1.80518938554106e-07, 
1.0690469740326e-05, 1.2412627559604e-05, -7.71426793370365e-07, 
-1.00046382909827e-06, -2.01858381548516e-05, 0, 0, 0, 0, 0, 
0, 0, 0, 0, 0, 0, 0, 0, 0, 0, 0, 0.000175871099246324, -0.000180228813583632, 
0.00011328719385274, -0.000179034578315137, 0.000178692223374874, 
0.00017903457831996, -1.87379712687928e-09, -1.5569862123627e-09, 
-1.49441559346438e-09, 2.82016530833522e-11, -2.5377338292933e-09, 
-9.49844432175215e-10, -2.56447994301009e-09, 3.61238963501633e-09, 
-5.40091005354545e-10, -8.46306626114877e-10, -1.10545962730633e-10, 
-3.76560464583175e-10, -3.81222102049049e-10, 1.07530039975179e-10, 
-5.46315903513969e-10, -1.37111227612335e-09, 1.33435278852814e-05, 
3.2018367567216e-05, -4.17241677839686e-07, 2.34027425902954e-05, 
2.049878612365e-05, -5.35006961971999e-06, -7.83301428752077e-06, 
-4.36165950397123e-05, 0, 0, 0, 0, 0, 0, 0, 0, 0, 0, 0, 0, 0, 
0, 0, 0, 0.000427699425101559, -0.000433874698226097, 0.000281939057726148, 
-0.000432003554840582, 0.000432087742519255, 0.000432003554833311, 
-1.7984948248212e-09, -1.49441559337933e-09, -1.43435950044199e-09, 
2.70683125726351e-11, -2.43574989640633e-09, -9.1167302554236e-10, 
-2.46142116303188e-09, 3.4672185000958e-09, -7.05475752660334e-11, 
-1.10545963202455e-10, -1.44396959073137e-11, -4.91869469425128e-11, 
-4.9795858209566e-11, 1.40457506205993e-11, -7.13606818669145e-11, 
-1.79096940193579e-10, 1.80518938561653e-07, -4.17241677615285e-07, 
9.02094939078447e-06, -8.18871769957114e-06, 3.96458444510764e-07, 
8.07974793242776e-06, 4.22319564417914e-06, 4.11118520433102e-06, 
0, 0, 0, 0, 0, 0, 0, 0, 0, 0, 0, 0, 0, 0, 0, 0, -6.37211291466613e-05, 
5.04997530972138e-05, -3.21759340049566e-05, 5.0744279414672e-05, 
-5.04837662345658e-05, -5.07442794142356e-05, 3.39400413667755e-11, 
2.82016531337991e-11, 2.70683129771892e-11, -5.10815784312122e-13, 
4.5965910659966e-11, 1.72045087018476e-11, 4.64503626068004e-11, 
-6.54311253263119e-11, -2.40311151617339e-10, -3.76560464720991e-10, 
-4.91869469257018e-11, -1.67548946468724e-10, -1.69623121589636e-10, 
4.7845025107407e-11, -2.43080892960997e-10, -6.10070463470072e-10, 
1.06904697406191e-05, 2.34027425902327e-05, -8.18871769963138e-06, 
2.54639365881486e-05, 1.81186382879203e-05, -1.00067009449153e-05, 
-8.65586167930531e-06, -3.56239536215712e-05, 0, 0, 0, 0, 0, 
0, 0, 0, 0, 0, 0, 0, 0, 0, 0, 0, 0.000357775218144407, -0.000350263564260083, 
0.000224021484139839, -0.000349430921711147, 0.000348886935490632, 
0.000349430921715723, -3.05410434623266e-09, -2.53773382895564e-09, 
-2.4357498959284e-09, 4.59659105983173e-11, -4.13625563107433e-09, 
-1.54815266242069e-09, -4.17984915247668e-09, 5.88783851037296e-09, 
-2.43286088059047e-10, -3.81222102149378e-10, -4.97958579566227e-11, 
-1.69623121587043e-10, -1.7172297476827e-10, 4.84373232644254e-11, 
-2.46090118024099e-10, -6.17622842925026e-10, 1.24126275598004e-05, 
2.04987861237081e-05, 3.96458444499404e-07, 1.81186382878704e-05, 
2.44767586670004e-05, 8.33090226215829e-07, 7.7478154095304e-07, 
-3.16620733083874e-05, 0, 0, 0, 0, 0, 0, 0, 0, 0, 0, 0, 0, 0, 
0, 0, 0, 0.00026637153540555, -0.000272394651914356, 0.000167670553140415, 
-0.000271551471533376, 0.000270962408753825, 0.000271551471556737, 
-1.1431159449078e-09, -9.49844429900577e-10, -9.11673017432726e-10, 
1.72045115233699e-11, -1.54815265683861e-09, -5.7945563271618e-10, 
-1.56446921053582e-09, 2.20374988605699e-09, 6.86228921413193e-11, 
1.07530041466813e-10, 1.40457500725645e-11, 4.78450260334439e-11, 
4.84373239160305e-11, -1.36625541559893e-11, 6.94138154660547e-11, 
1.74210806588093e-10, -7.71426793656993e-07, -5.3500696191684e-06, 
8.07974793237077e-06, -1.00067009450338e-05, 8.33090225480224e-07, 
1.00542879873989e-05, 8.24903126592888e-06, 7.30102577318073e-06, 
0, 0, 0, 0, 0, 0, 0, 0, 0, 0, 0, 0, 0, 0, 0, 0, -0.000117202132630243, 
0.000104509762141265, -7.43436221746108e-05, 0.000104272100062454, 
-0.000103859643531106, -0.000104272100142164, -3.08629267727873e-09, 
-2.56447994117083e-09, -2.46142116438058e-09, 4.64503596194649e-11, 
-4.17984915203437e-09, -1.56446921273316e-09, -4.22390212331002e-09, 
5.94989261110246e-09, -3.48644683243307e-10, -5.46315903544504e-10, 
-7.13606826455762e-11, -2.43080892932938e-10, -2.46090117750608e-10, 
6.94138145001429e-11, -3.52663038889117e-10, -8.85093437894702e-10, 
-1.00046382916944e-06, -7.83301428755908e-06, 4.22319564413513e-06, 
-8.65586167913914e-06, 7.74781541084519e-07, 8.2490312656201e-06, 
1.19996528525268e-05, 5.8235733169932e-06, 0, 0, 0, 0, 0, 0, 
0, 0, 0, 0, 0, 0, 0, 0, 0, 0, -0.000109567847276162, 9.9024862022645e-05, 
-7.19983507565018e-05, 0.000100232596207383, -9.98384752302627e-05, 
-0.000100232596213395, 4.34742792044655e-09, 3.61238967608858e-09, 
3.46721851642365e-09, -6.54311303320717e-11, 5.88783853906743e-09, 
2.20374992671139e-09, 5.94989271133496e-09, -8.38116532957408e-09, 
-8.75008396697731e-10, -1.37111226833003e-09, -1.79096939045394e-10, 
-6.10070461268324e-10, -6.17622840271734e-10, 1.7421078443474e-10, 
-8.85093432244223e-10, -2.22135669573245e-09, -2.01858381562441e-05, 
-4.36165950400571e-05, 4.11118519797109e-06, -3.56239536166104e-05, 
-3.16620733110076e-05, 7.30102576606704e-06, 5.82357331173964e-06, 
7.51605236946216e-05, 0, 0, 0, 0, 0, 0, 0, 0, 0, 0, 0, 0, 0, 
0, 0, 0, -0.000636763432213818, 0.000644374729736155, -0.000391989967857131, 
0.000647406472905274, -0.00064712026285308, -0.000647406472616499, 
0, 0, 0, 0, 0, 0, 0, 0, 0, 0, 0, 0, 0, 0, 0, 0, 0, 0, 0, 0, 0, 
0, 0, 0, 1.42486149815617e-13, -1.06670579359334e-12, -5.86052106915623e-12, 
-8.79615808948561e-12, -2.49426129052057e-14, -5.60719289965186e-12, 
-4.73216886149255e-12, -7.63181853322456e-12, 0, 0, 0, 0, 0, 
0, 0, 0, -1.19259320796755e-10, -1.19259520289417e-10, 1.19261616799874e-10, 
9.35297483355173e-11, -1.19259533039267e-10, -1.19260362482233e-10, 
0, 0, 0, 0, 0, 0, 0, 0, 0, 0, 0, 0, 0, 0, 0, 0, 0, 0, 0, 0, 0, 
0, 0, 0, -1.06670520175302e-12, 7.99330088579945e-12, 4.39086396438495e-11, 
6.59057787099587e-11, 1.89223070939072e-13, 4.20095830187316e-11, 
3.54535251259544e-11, 5.71819876472768e-11, 0, 0, 0, 0, 0, 0, 
0, 0, 8.93427029999235e-10, 8.93427023799492e-10, -8.93429570877044e-10, 
-7.01020211339663e-10, 8.93425749932218e-10, 8.93423412712895e-10, 
0, 0, 0, 0, 0, 0, 0, 0, 0, 0, 0, 0, 0, 0, 0, 0, 0, 0, 0, 0, 0, 
0, 0, 0, -5.86052138825528e-12, 4.39086402026229e-11, 2.41204053958287e-10, 
3.62039131198649e-10, 1.03735122381297e-12, 2.30772837038372e-10, 
1.94758474351308e-10, 3.14116790459558e-10, 0, 0, 0, 0, 0, 0, 
0, 0, 4.90796891105444e-09, 4.907969626543e-09, -4.9079710505425e-09, 
-3.85068131241358e-09, 4.90796807764604e-09, 4.90796808129512e-09, 
0, 0, 0, 0, 0, 0, 0, 0, 0, 0, 0, 0, 0, 0, 0, 0, 0, 0, 0, 0, 0, 
0, 0, 0, -8.7961583350001e-12, 6.59057794596223e-11, 3.62039131098418e-10, 
5.43409233728475e-10, 1.55779346233115e-12, 3.46381908869858e-10, 
2.92325519958812e-10, 4.7147936599965e-10, 0, 0, 0, 0, 0, 0, 
0, 0, 7.36665762699559e-09, 7.36665783168923e-09, -7.36665784448731e-09, 
-5.77982884556778e-09, 7.36665743580583e-09, 7.36665657831902e-09, 
0, 0, 0, 0, 0, 0, 0, 0, 0, 0, 0, 0, 0, 0, 0, 0, 0, 0, 0, 0, 0, 
0, 0, 0, -2.4942695188694e-14, 1.8922211560005e-13, 1.03735225426215e-12, 
1.55779503641912e-12, 5.18529910870593e-15, 9.92170144918885e-13, 
8.372399372469e-13, 1.3516264702292e-12, 0, 0, 0, 0, 0, 0, 0, 
0, 2.1074033718985e-11, 2.10740430554195e-11, -2.1077676758319e-11, 
-1.66430212707487e-11, 2.10776765693651e-11, 2.10758503712563e-11, 
0, 0, 0, 0, 0, 0, 0, 0, 0, 0, 0, 0, 0, 0, 0, 0, 0, 0, 0, 0, 0, 
0, 0, 0, -5.60719418561175e-12, 4.20095847564137e-11, 2.30772837855543e-10, 
3.4638191050973e-10, 9.92167733868966e-13, 2.20792866646227e-10, 
1.86336019452803e-10, 3.00532070049502e-10, 0, 0, 0, 0, 0, 0, 
0, 0, 4.69573003285582e-09, 4.69573077026422e-09, -4.69573216380468e-09, 
-3.68411713713269e-09, 4.69573070510659e-09, 4.69573203780794e-09, 
0, 0, 0, 0, 0, 0, 0, 0, 0, 0, 0, 0, 0, 0, 0, 0, 0, 0, 0, 0, 0, 
0, 0, 0, -4.73216913298646e-12, 3.54535252102629e-11, 1.94758473249498e-10, 
2.9232551880975e-10, 8.37239309972685e-13, 1.86336017980275e-10, 
1.57256502620252e-10, 2.53631000288731e-10, 0, 0, 0, 0, 0, 0, 
0, 0, 3.96292210737243e-09, 3.96292225889433e-09, -3.96291871033404e-09, 
-3.10916360865162e-09, 3.96292365395386e-09, 3.96291994347977e-09, 
0, 0, 0, 0, 0, 0, 0, 0, 0, 0, 0, 0, 0, 0, 0, 0, 0, 0, 0, 0, 0, 
0, 0, 0, -7.63182108902746e-12, 5.71820047887429e-11, 3.14116791273111e-10, 
4.71479366692368e-10, 1.35162172390035e-12, 3.00532052545863e-10, 
2.53630999879007e-10, 4.09070712702354e-10, 0, 0, 0, 0, 0, 0, 
0, 0, 6.39154874169227e-09, 6.39154863468238e-09, -6.39154862800632e-09, 
-5.01476804041479e-09, 6.39154862796734e-09, 6.39154928362093e-09, 
0, 0, 0, 0, 0, 0, 0, 0, 0, 0, 0, 0, 0, 0, 0, 0, 0, 0, 0, 0, 0, 
0, 0, 0, 0, 0, 0, 0, 0, 0, 0, 0, 4.95665089840104e-08, 2.16732817186741e-07, 
1.15270238129933e-07, 3.6858331385482e-07, -6.14076704878362e-08, 
1.65824532078435e-07, 1.73954195423664e-07, 1.06731992418049e-07, 
-1.47957714667834e-06, -1.48033635434682e-06, 1.47957720440515e-06, 
-1.48033635366285e-06, 1.17205950469656e-06, -1.47957714865842e-06, 
0, 0, 0, 0, 0, 0, 0, 0, 0, 0, 0, 0, 0, 0, 0, 0, 0, 0, 0, 0, 0, 
0, 0, 0, 0, 0, 0, 0, 0, 0, 0, 0, 2.1673281720092e-07, 1.37584063891212e-06, 
1.41260751828082e-06, 2.37616827804174e-06, -4.41303709854916e-07, 
1.44422042264437e-06, 1.57943811814707e-06, 9.63270971894871e-07, 
-8.60482947770885e-06, -8.60467197205829e-06, 8.6048293355906e-06, 
-8.60467196951009e-06, 5.83445797649541e-06, -8.60482947740587e-06, 
0, 0, 0, 0, 0, 0, 0, 0, 0, 0, 0, 0, 0, 0, 0, 0, 0, 0, 0, 0, 0, 
0, 0, 0, 0, 0, 0, 0, 0, 0, 0, 0, 1.15270238184924e-07, 1.41260751836755e-06, 
2.19612406491134e-06, 2.47950030125638e-06, -5.09485530360315e-07, 
1.91169108260646e-06, 2.14210240620532e-06, 1.30197622544814e-06, 
-7.97202150687986e-06, -7.966410665224e-06, 7.97202143642632e-06, 
-7.96641066583816e-06, 4.23139880890687e-06, -7.97202150658457e-06, 
0, 0, 0, 0, 0, 0, 0, 0, 0, 0, 0, 0, 0, 0, 0, 0, 0, 0, 0, 0, 0, 
0, 0, 0, 0, 0, 0, 0, 0, 0, 0, 0, 3.68583313897383e-07, 2.37616827809139e-06, 
2.4795003010478e-06, 4.10656911536133e-06, -7.64912856220866e-07, 
2.51711666893856e-06, 2.75489542775977e-06, 1.68000468854106e-06, 
-1.48120602632951e-05, -1.4815874556592e-05, 1.48120603697487e-05, 
-1.48158745416174e-05, 9.98096034227474e-06, -1.48120602592063e-05, 
0, 0, 0, 0, 0, 0, 0, 0, 0, 0, 0, 0, 0, 0, 0, 0, 0, 0, 0, 0, 0, 
0, 0, 0, 0, 0, 0, 0, 0, 0, 0, 0, -6.1407670507667e-08, -4.41303709875563e-07, 
-5.09485530369742e-07, -7.64912856255638e-07, 1.45918308000016e-07, 
-4.95687282122614e-07, -5.46243710797422e-07, -3.32774664117842e-07, 
2.69598634356476e-06, 2.69374915847063e-06, -2.69598626303829e-06, 
2.69374915581616e-06, -1.73905756806985e-06, 2.69598634382158e-06, 
0, 0, 0, 0, 0, 0, 0, 0, 0, 0, 0, 0, 0, 0, 0, 0, 0, 0, 0, 0, 0, 
0, 0, 0, 0, 0, 0, 0, 0, 0, 0, 0, 1.65824532110997e-07, 1.44422042270847e-06, 
1.91169108263228e-06, 2.51711666907466e-06, -4.95687282129157e-07, 
1.76264217467021e-06, 1.95730173758385e-06, 1.19115505317453e-06, 
-8.53659424494185e-06, -8.53291721837915e-06, 8.53659409536198e-06, 
-8.53291721626727e-06, 5.11301667123763e-06, -8.53659424776245e-06, 
0, 0, 0, 0, 0, 0, 0, 0, 0, 0, 0, 0, 0, 0, 0, 0, 0, 0, 0, 0, 0, 
0, 0, 0, 0, 0, 0, 0, 0, 0, 0, 0, 1.73954195475816e-07, 1.57943811820084e-06, 
2.14210240614363e-06, 2.75489542789117e-06, -5.4624371077829e-07, 
1.9573017375087e-06, 2.17714105468322e-06, 1.32460268876442e-06, 
-9.27930960501049e-06, -9.27055869124828e-06, 9.27930947124325e-06, 
-9.27055868846953e-06, 5.47201581937666e-06, -9.27930960400446e-06, 
0, 0, 0, 0, 0, 0, 0, 0, 0, 0, 0, 0, 0, 0, 0, 0, 0, 0, 0, 0, 0, 
0, 0, 0, 0, 0, 0, 0, 0, 0, 0, 0, 1.06731992456163e-07, 9.63270971935101e-07, 
1.30197622544023e-06, 1.68000468862635e-06, -3.32774664102086e-07, 
1.19115505314409e-06, 1.32460268878358e-06, 8.0593884149959e-07, 
-5.6640599813556e-06, -5.65931047981929e-06, 5.66405985787838e-06, 
-5.6593104788228e-06, 3.3475872057989e-06, -5.66405998121624e-06, 
4.49402059328932e-05, 4.86197956413438e-06, -6.97875717546965e-05, 
-4.32746895738719e-05, -6.834996275584e-07, -8.6763331862528e-05, 
-2.76832866867188e-05, 2.98050461404523e-05, 1.24265548359842e-06, 
1.10341587645623e-05, 2.94742948621514e-05, 4.63415261370957e-06, 
-1.22944707085051e-06, 3.80022128438993e-05, 9.94845619822867e-06, 
5.84109475153472e-05, 0.000175871099235757, 0.000427699425102404, 
-6.37211291411995e-05, 0.000357775218142115, 0.000266371535384625, 
-0.000117202132641757, -0.000109567847297449, -0.000636763432546248, 
-1.19260023359094e-10, 8.9342613496977e-10, 4.90796863137543e-09, 
7.36665823400372e-09, 2.10753621766216e-11, 4.69573150863165e-09, 
3.96292072632124e-09, 6.39154833246452e-09, -1.47957714917909e-06, 
-8.60482947733017e-06, -7.97202150663255e-06, -1.48120602338961e-05, 
2.69598634359437e-06, -8.53659424444832e-06, -9.27930960638666e-06, 
-5.66405998112857e-06, 1.99808753428349, -0.0931049791401326, 
-0.544596012408089, -0.294308193208954, 0.542384841009687, 0.767174792548225, 
-7.62191332029245e-06, 3.59021849516332e-05, 7.71598054251412e-05, 
0.000110675058632623, 1.58271845195547e-05, 6.65398619902412e-05, 
2.55614627054426e-05, 2.11711890376966e-05, 2.01821877687939e-06, 
7.15913040162527e-07, 2.75622217896994e-05, 5.19623980186851e-06, 
3.88663115054548e-07, 3.42756121258523e-05, 4.48602539740508e-06, 
5.28531027981175e-05, -0.000180228813592728, -0.000433874698234885, 
5.04997530987783e-05, -0.000350263564267262, -0.000272394651918104, 
0.000104509762123313, 9.90248620091828e-05, 0.000644374729387441, 
-1.192600233674e-10, 8.93426135036593e-10, 4.90796863169645e-09, 
7.36665823443196e-09, 2.10753621781518e-11, 4.69573150895727e-09, 
3.9629207265904e-09, 6.39154833291286e-09, -1.48033635466352e-06, 
-8.60467197123062e-06, -7.96641066596838e-06, -1.4815874558301e-05, 
2.69374915616057e-06, -8.53291721746765e-06, -9.2705586891034e-06, 
-5.65931047917624e-06, -0.093104979129529, 1.99909985222933, 
-0.97479576195481, 1.11590264579667, -0.712785585204446, -0.627530531389807, 
3.71743539455256e-05, 1.10876581044236e-05, -5.06904424724315e-05, 
-0.000152633781868898, 6.36152225768789e-05, -4.43460213750405e-05, 
1.3802705120598e-05, -0.00012405938257464, -2.60000996391249e-06, 
-9.00816326135589e-06, -3.0366748895385e-05, -5.86985717414106e-06, 
-3.66260467703558e-08, -3.82975844533979e-05, -9.60257645236514e-06, 
-6.11768217330135e-05, 0.000113287193861917, 0.000281939057727025, 
-3.21759340050919e-05, 0.00022402148414337, 0.000167670553137118, 
-7.43436221685115e-05, -7.19983507692185e-05, -0.000391989968068068, 
1.19260023358168e-10, -8.93426134962196e-10, -4.90796863131107e-09, 
-7.36665823392294e-09, -2.10753621764185e-11, -4.69573150858705e-09, 
-3.96292072628758e-09, -6.39154833243184e-09, 1.47957720358168e-06, 
8.60482933597363e-06, 7.97202143450451e-06, 1.48120603321923e-05, 
-2.69598626315906e-06, 8.53659409512436e-06, 9.27930947152955e-06, 
5.66405985725076e-06, -0.544596012386998, -0.974795761891687, 
1.99608725421142, -0.540319977634971, 0.168211547392355, 0.0364439871362172, 
5.4605554435907e-05, 3.59331117498228e-05, 3.54104628910878e-05, 
-7.17553575593382e-05, 7.27763105980047e-05, 4.38620563632447e-05, 
8.90950914323926e-05, -0.000195235695752481, -2.60264376669837e-06, 
-9.01231495978908e-06, -3.03672608107631e-05, -5.8716844878333e-06, 
-3.85081969818761e-08, -3.82970350289621e-05, -9.60521955552986e-06, 
-6.11835112128226e-05, -0.000179034578312155, -0.000432003554836331, 
5.07442794115447e-05, -0.000349430921710006, -0.000271551471540276, 
0.000104272100095435, 0.000100232596213517, 0.000647406473043823, 
9.35301239943424e-11, -7.01018804315898e-10, -3.85068137519437e-09, 
-5.77982795149743e-09, -1.66423933958816e-11, -3.68411724337799e-09, 
-3.10916421148448e-09, -5.014768398771e-09, -1.48033635471964e-06, 
-8.60467197148343e-06, -7.96641066614365e-06, -1.48158745587853e-05, 
2.69374915625188e-06, -8.53291721760641e-06, -9.27055868937837e-06, 
-5.65931047934663e-06, -0.294308193204072, 1.11590264574393, 
-0.540319977643863, 1.99999995699136, -1.4728519315132, -1.40310075369354, 
-5.4654710089823e-05, -3.59971533447396e-05, -3.52240997892048e-05, 
7.24652932875624e-05, -7.30353310744769e-05, -4.36668859625335e-05, 
-8.88003727187808e-05, 0.00019557100697298, 2.60265569168066e-06, 
9.01230904093006e-06, 3.03672904214042e-05, 5.87170181870596e-06, 
3.84935329743938e-08, 3.82970576982677e-05, 9.60525266956143e-06, 
6.11835383634844e-05, 0.000178692223356227, 0.00043208774252376, 
-5.04837662304265e-05, 0.000348886935484497, 0.000270962408737006, 
-0.000103859643475453, -9.98384752189083e-05, -0.000647120262753386, 
-1.19260023359897e-10, 8.93426134973657e-10, 4.90796863137383e-09, 
7.36665823400135e-09, 2.10753621766641e-11, 4.69573150864802e-09, 
3.96292072634615e-09, 6.39154833250754e-09, 1.17205950663381e-06, 
5.83445797712237e-06, 4.23139880975207e-06, 9.98096034676808e-06, 
-1.73905756667464e-06, 5.11301667139211e-06, 5.47201581908286e-06, 
3.3475872057722e-06, 0.542384841002566, -0.712785585145742, 0.168211547385924, 
-1.47285193150776, 1.99996753407169, 1.72869842097121, -5.46547688702994e-05, 
-3.59970952674673e-05, -3.52240020847468e-05, 7.24655589370997e-05, 
-7.30354801059837e-05, -4.36668311054279e-05, -8.88003372614881e-05, 
0.000195571095701739, 2.60265569139798e-06, 9.01230904076753e-06, 
3.03672904211708e-05, 5.87170181879916e-06, 3.84935324512481e-08, 
3.82970576977212e-05, 9.6052526695328e-06, 6.11835383641815e-05, 
0.000179034578312044, 0.000432003554836729, -5.07442794129596e-05, 
0.000349430921710059, 0.000271551471537972, -0.000104272100097143, 
-0.000100232596212063, -0.000647406473046935, -1.19260023359344e-10, 
8.93426134973035e-10, 4.90796863136902e-09, 7.36665823398757e-09, 
2.10753621766033e-11, 4.69573150863661e-09, 3.96292072634378e-09, 
6.39154833250341e-09, -1.47957714916453e-06, -8.60482947721566e-06, 
-7.97202150652773e-06, -1.48120602338168e-05, 2.69598634359064e-06, 
-8.53659424424755e-06, -9.27930960629382e-06, -5.66405998108873e-06, 
0.767174792559275, -0.627530531353984, 0.0364439871325484, -1.40310075368294, 
1.72869842096389, 1.99999999998939), dim = c(46L, 46L))
